105
109
112
111
114
116
32
82
101
97
99
116
44
32
123
32
117
115
101
83
116
97
116
101
44
32
117
115
101
69
102
102
101
99
116
44
32
117
115
101
82
101
102
32
125
32
102
114
111
109
32
39
114
101
97
99
116
39
59
13
10
105
109
112
111
114
116
32
123
32
97
117
116
104
44
32
100
98
32
125
32
102
114
111
109
32
39
46
46
47
102
105
114
101
98
97
115
101
39
59
13
10
105
109
112
111
114
116
32
123
32
82
101
99
97
112
116
99
104
97
86
101
114
105
102
105
101
114
44
32
115
105
103
110
73
110
87
105
116
104
80
104
111
110
101
78
117
109
98
101
114
44
32
71
111
111
103
108
101
65
117
116
104
80
114
111
118
105
100
101
114
44
32
115
105
103
110
73
110
87
105
116
104
80
111
112
117
112
32
125
32
102
114
111
109
32
39
102
105
114
101
98
97
115
101
47
97
117
116
104
39
59
13
10
105
109
112
111
114
116
32
123
13
10
32
32
100
111
99
44
32
115
101
116
68
111
99
44
32
103
101
116
68
111
99
44
32
99
111
108
108
101
99
116
105
111
110
44
32
113
117
101
114
121
44
32
119
104
101
114
101
44
32
103
101
116
68
111
99
115
44
32
117
112
100
97
116
101
68
111
99
44
32
105
110
99
114
101
109
101
110
116
44
13
10
125
32
102
114
111
109
32
39
102
105
114
101
98
97
115
101
47
102
105
114
101
115
116
111
114
101
39
59
13
10
105
109
112
111
114
116
32
123
32
117
115
101
78
97
118
105
103
97
116
101
44
32
76
105
110
107
32
125
32
102
114
111
109
32
39
114
101
97
99
116
45
114
111
117
116
101
114
45
100
111
109
39
59
13
10
13
10
47
47
32
226
148
128
226
148
128
226
148
128
226
148
128
226
148
128
226
148
128
226
148
128
226
148
128
226
148
128
226
148
128
226
148
128
226
148
128
226
148
128
226
148
128
226
148
128
226
148
128
226
148
128
226
148
128
226
148
128
226
148
128
226
148
128
226
148
128
226
148
128
226
148
128
226
148
128
226
148
128
226
148
128
226
148
128
226
148
128
226
148
128
226
148
128
226
148
128
226
148
128
226
148
128
226
148
128
226
148
128
226
148
128
226
148
128
226
148
128
226
148
128
226
148
128
226
148
128
226
148
128
226
148
128
226
148
128
13
10
47
47
32
67
111
110
115
116
97
110
116
115
13
10
47
47
32
226
148
128
226
148
128
226
148
128
226
148
128
226
148
128
226
148
128
226
148
128
226
148
128
226
148
128
226
148
128
226
148
128
226
148
128
226
148
128
226
148
128
226
148
128
226
148
128
226
148
128
226
148
128
226
148
128
226
148
128
226
148
128
226
148
128
226
148
128
226
148
128
226
148
128
226
148
128
226
148
128
226
148
128
226
148
128
226
148
128
226
148
128
226
148
128
226
148
128
226
148
128
226
148
128
226
148
128
226
148
128
226
148
128
226
148
128
226
148
128
226
148
128
226
148
128
226
148
128
226
148
128
226
148
128
13
10
99
111
110
115
116
32
79
84
80
95
83
69
78
68
95
76
73
77
73
84
32
32
61
32
51
59
13
10
99
111
110
115
116
32
79
84
80
95
70
65
73
76
95
76
73
77
73
84
32
32
61
32
53
59
13
10
99
111
110
115
116
32
80
65
83
83
95
70
65
73
76
95
76
73
77
73
84
32
61
32
53
59
13
10
99
111
110
115
116
32
82
65
84
69
95
87
73
78
68
79
87
95
77
83
32
32
61
32
51
48
32
42
32
54
48
32
42
32
49
48
48
48
59
13
10
13
10
47
47
32
226
148
128
226
148
128
226
148
128
226
148
128
226
148
128
226
148
128
226
148
128
226
148
128
226
148
128
226
148
128
226
148
128
226
148
128
226
148
128
226
148
128
226
148
128
226
148
128
226
148
128
226
148
128
226
148
128
226
148
128
226
148
128
226
148
128
226
148
128
226
148
128
226
148
128
226
148
128
226
148
128
226
148
128
226
148
128
226
148
128
226
148
128
226
148
128
226
148
128
226
148
128
226
148
128
226
148
128
226
148
128
226
148
128
226
148
128
226
148
128
226
148
128
226
148
128
226
148
128
226
148
128
226
148
128
13
10
47
47
32
70
105
114
101
115
116
111
114
101
32
114
97
116
101
45
108
105
109
105
116
32
104
101
108
112
101
114
115
13
10
47
47
32
226
148
128
226
148
128
226
148
128
226
148
